Message Hash (int): 110296721288506963775004442032348835639664524236957730700593256808458526966249
Signatures (r, s):
52913658644765953470465776603091140212658294579025969943890264537491083457011,63732836228214143104827467788038818618668368232142630732278357164145476493207
90482329056523463313113703678151286228881124102657905703333196667259069809156,31702173327659507543224034397887209796717715009019713525267451743107830059032
106543234621226040539805715485266561547804060387817774406107719410861411687974,12529299790575399191805905964915529644835634196733419797153084841052805882546
51881664076679662652329272800822291390865650237696747524136048408278700595857,32817245389986817503586686944770278603762232967440639000712803622935984368323
63509444521902503246568747566162180405831388087215865768773829985646322437157,20402428885730632400780745363937359919338271527832417039248263787852101213997
73090780196623043127079379030999799966368114245673351018383696179240086197848,111784493018393481802920451365848284666465727378604790159320543652379999949629
31552987085848454048639132974590848018869912939966282891648877320170793050505,38299188907599424426390878492931607813350159361094953202669534659366481820127
78964535489333095410147982292293545772723941064852411801870175876090599153071,89557149466754668150785561391921262741794936142184114495631248014618482262053
80330515259368038694106845073903732484083677433288271977610192463425378572423,34495015431193597951693417547162254104706918974126681105150335899060802070088
65747794573524522773285175771758017547215727959156995108793505323033767616996,43634927049466686507328553021846697374025879006591133738449470361350731773874
36257928612665015560146501209591853183313228950063583390984946423392621231046,25777516993023767471398205304402007535149151909149794967739281701416905202560
49804305796704061804199959639480092329535932512582818460313362794842472167771,82311738858305320676013425065581183729560669253366977236710637984079506369505
62748874449778730073054840658698554156882128689728939308186889928999464733635,62207912561311997714377950768064644497656763689017325796428031957118263093112
80788535999195757956350111075724088534228307588880348256577168282075867316060,31178062147077719756808686020593807587842840067752884707904972481306001946005
42762746938382178214371952618786671819133149934095031606713900561731644886271,90041252748445046081292456457753288782272567925078674001134137614725414335196
2232829494953553865405186901861401533122389958308873521024450027581621329972,67657241182298443992179099543736911887149510254982225138236578137077723940918
61502882876682693510856393284094434265694803672349508271279745066046142199400,20079010696489751577742107680750767708415326187063146036124039047904177764243
2507867484126527924074400487702639534560129278226482824086381210960277776758,59155855335694825340244892318351845335204095763169213093015138263205875012017
68962148699047392744967461036452094637246568110706722141915466473810593289854,69388931993469910037318354829520148754350351111717101646701259070404244606886
107478887790359020582348070148594603813834959746996745997667788020064545234468,49657219337601630048684585626927489684706873512257195680411239028124983981604
25077411297963309242249684096690910371969939463934341782743632115412780287217,25791276406977295052897994012115471969561438725326347787114444500576742002913
87948308165304866168140894427675451994066310182822399310389670709262891902179,15299847173479173281373138424912114801316684453064470727034261516461360757937
72262204662225687931933429705667521814623371254755690645953365429590752183875,74178232906210484778926347062054661666014894827343767290042286882384283585683
77451376985061082478112583762881856072354652311774529610197048785568233764290,22715983168006943199100848765128566042868191803712266765350666407920731283220
13901058979951337862360081420074931572478310808677265472271731166684042292086,43341597882646054434629128634511989869545111264898416121387470873206455679359
101196082976558095088055915206481435775885054113998324562931289318316749761720,100174440098950850548114266806202462185919570208351451815172522188557610859473
28380083267362177392791364662513415775598691092981246172185008258261485561200,37828252557953239336409647784177993402182679970789717808140002397400360538752
74157756699279504851248067972492153860577943101001476647356877091319015740909,13826175189077036445355162846162979505976026609084684166046307433991200918458
73652269409703418281598849565500255241087983906120565659795727022843600870808,64632182903294682579850540582767633441246761591408540716197960877162170601747
79146806687382936954564946446402832233900955379484801617922402330832142498275,31543464537772756035647989225422142452857543738630691590347911579161369895105
10209252502160179838908657377889319102188728227631429257711375435921038457481,81783374821411043435773037862410837950027350628034548817557126745721269461847
82780953991412130657856618919739616970356196634537223775199414540718385185646,72555106062255446169774673765597770413240183225460699648157709333591717558659
89567923735963772926412013837849377457554400061725468302384678307277207878766,89777733625420487511447073444454953782987963606369259122014432331732297164460
81116201970418792508395097280389225177696007852233184068478729487959398867903,23797512374580815756225893299968408543084278514396295699836022126955933252551
72705856732977272586914575604998376306968835291727210781385103347650114908618,49612839353145003087897728869611395921735427625227497416091826612960310175881
268709734753095156886097482444290345769876192230410140481686692533559732791,28380686679107675845424722081125290398545600039317772374833843213749581124996
36893225160499542723253676699929000629892448749583089458130694562072054552663,32186978086427237136933484014835428550087326082396955966829180545910630121733
59475129192140577296041624880274031802017416012675331895731866736501343038741,46609699449065826464496015068171489899017032268220198981813709412739941356038
115518382760826145404177717942120197121521169241949845436903126264807009174240,27995513727447791769762863508065533114494143625403715546719168109462067715496
60651963646960982870125569826996066268280265425831997506586473738613269702967,94501454993365077151291781718659731190302243800911967405965450296500501606773
67456048890901552324593418617733994273031010390025208471215870704225382058717,91509178020421518374331772235892381924296769483293592993448129509078209228730
56510910882794903559149291905878162183587781874564703606585714209236627416519,3599616386630870889884729099944442372955463467480417884548497985078475715323
44643037668383402594237389660433202313308826838724341384252600097235774340496,90291645683049713297342911722265753175512151483647350807685911923727798422063
47127459384828398582565227073296019576542525669420701455989492901347105771182,14173393134760997066687763491344965959474438968863402705149460211663523414556
109712544641855185086743171729973914465187750954881520800091615488609453988081,86447843179861018742229849663023714661344047318038038605052709354781431924823
21152421299023237360806248966804223093765156804760170463774710392827256996506,3181442061930875658184797355228284980846657075305453990816556794582765429642
67230463398352018030978435286074354211953677824444555077473424740710751544826,111732816197126141210919100640273779460889374394873673055993308923992958524434
54778302745498952739718093962054341211376420302475128712463994498285763786854,15399116542680467663566517820471453465293873570626226452651110368388292042428
96127629134634840699014850503382863485492394871091724685117133177002378487301,95897139641313210499107591482015731111784119784867499986445668011292468300156
18573959101368320149246957699042155289772772627214460703148378523557037996097,71704373351784958709885217624021640782283360500204940816924404728302674357625
107345883034759552744394692448583330852519795885976210611282169430493537362548,87646658347239285985386377038148566532508977873106772862932568802329045478246
88509853320445579892642382929006094210310349315210099203309366646243546178565,46256901593208722878214688028696706650462719935493248785727424009146148525742
72770645324906930895290740952456152445071411559860462022839494726860430932709,108168432833466729342028975029047583080090967612445375760611436111850447616126
71301718496829344468178886658225649237048797130053954017437331841449670910370,27273443756797398413272883021324901386090223704798402129318249533799441363381
106978284191956575722906814402015125329931226186066847459424542646113765944958,81712079632748365836815346599405434104394248093348582507716781628072390653603
46976602535265421847092631604117149615947617873581841830065917193243742765138,72502423299070765538474020392250397284273299228387383177286106166497318766998
15318090331525793357507423683761433956998970724270977656026975778047125335185,54255856941504723524350890445523776161656518259407713433445591207356975066048
101566877361149941121906983760181776076698777092203746004067182660155762480158,112753604408679635974215004718699228162080638293243543049960721719377900657406
28035594253376051837923554958524212530758251323794874891481997836010091921357,82283779260556517000377813013582105544496426934252040032773408467559155975735
24211428685161105911028485026790815832721484250303352313758097567909493970762,5505538477652200641529199085577320176824077281548287213790314657054286586687
60398221400129059614177156575860949519455649091259113504142920589919323059912,86376870738685441790773369083991144886319469519561089842939993341610493469783
35772280813714084888894534244747957796214550691820591594441068995630621235198,22831485224594030979301958116505569192125584573371047465542814995183424659842
43850114466151658820624116636451523088363344472165175497417556861875628819317,8566906419203879142818529032454924981663390536702202142044183331313112114764
33795765859069447511201150796329508785896739457358219983145888410495187475544,56925919220990107028432723575365804345010528976144599379341534158236404514615
25417534023393448024341115920198116137922912869891704773171133421637726501626,110641463722954340123550130843329592643101958033895711423264797792305133523638
104614777649647611331666174992787366060907101809105262553416601988445012522781,94534165885609910446470388987022169254433457021426440119980395989469115633258
60590186687550374338332584316948768640078021662748776534810193027998167308581,54507088805596599281197607667618876963840311321547025354211191554666131263001
24731706775039377128768970299946077454960674627195633496572213116867121014685,86454569269682314672944326855851620254195992972338743292690765867329154198191
100121866533572548296942605537297609437398465688859405334956924510656325206594,6607384208848466227714682280160956215905187120312595732263931145089433367139
49859233188824422117299646439326304127989337903390778063405012709262711485064,67080739831154008788876487786806024875279796329712486132269923749580773397922
90035545274771064876656318577602485125240222301231174442817828098712768463579,77683246758969890553732516102996345624918794296153803182821821354886996013453
36545215895647408981208357702256255810795818435354164371597531818329530264478,3682408291604203735888550988038305320950064033770831650049014075590930591423
23438123362418431629587254324826562380324475332753376804919421865431368206782,114104400764877720908569458966208505560459540093283794854283271037030313129578
83032795985495044320374206724719916325434119018729847868127318549425708453050,109410971503917689757395342993332660195539291560162021733164667156819482297725
37780678771926647972540540421129471500254524052927731602776486560168960888445,12957219540873679691412768989272871953267666941830216108273143261160519414166
8711697554413011898085620963322396750556726950303078014927815943040751145024,22557171180890402133576938511540693669291955964112123153868851658208783456589
86959571261316284815723175884962411102997570677579124049911052722119696616311,67814018763414518180616772423540223238362678859527970560074102118811223883322
53524319482465371868185266406220562426129631752326352791725395703092312293877,53633633923174970528207584610590683777700413147353823767340071053756968066115
82813005463203785148022802463484986121118588101111775505857879038176793113244,39775650835908420969944133310083470345701711877533863246795095599456779139193
44047500774187225718221756777410681768644786081239521691872175378898105304466,2093591981338350357332723136756176361542998887785878273770658749487477461712
51911441310366576022428174704200709117611676368831171338077476583081287778634,32513960137087289772748250715021062795304713603556203106487395077581455000800
93864757855725940040084534764358342205334329898681018861080455628528920858664,15928189007338274762751614626967020124565311517104852569908481550373474053185
9138970523246803592651489842851477532864671780494431695839159122722576403088,2303000210479094650819523792295618609692271365153249381147404944249331883135
28821647534015855672008300277405071284053316906829491081663853205326306153423,28185548662760235201783817164828840664569201432926152146988786875323046951293
75814302973317342245357420560849236745152774900974517937802968748072742201691,101324144370793162369094549275141891906919903788457797416279515169064820607362
31791916588012214363725341168387921563760748376222152733843897644889227051832,31550667437458926286721925040193205482644493866278025327498414532835459701747
56961378314434122565555635898638987369245272593687199499753899668672281605567,72676731417415347392774765311055868288130642291866828339223464026344245013087
2350098758790045120333991511765971158417306910187308309059594766270119770860,3018865592604763353185995601045770538636401940735579520296263218490517526890
36182225605863926771017429591160188347874980203864288869552549596919360360557,96036540742761226209510314960796043934249364462617552303004568452622921167753
52814324979580363379718932279808583078628408962357261200145426300332737407664,53175166270261756301465576407034233269126336918069520366797195216785380716765
41507615846483837854603168469101231174021035400036880712675305954994715387810,109572070575596134687177047173310587215980971568863731608541757997866797294021
78698926735483999570442129436360929784961695479950208449046733785021022277892,113122272588266827109764615929893703729017060219659367634654340572190664472813
86375895581882964559192620158166267651844456672111943664823539897662324376570,37138018645942491287946160022612608990285060769421844530624432768848800133208
43255690007515839903118480580305611490557168151092716206233252227394806880276,98377989488141756531035365909554007849199687611093224782468808965810945363873
11699250876359526117504744675997313024481090148741552977986730675775608391034,10270705944181020730450916617098031179990802529469077502595750824331883068028
80401588091425149831702348210271371451088549832954961774342708693397472945499,19619975122403605983541996104702729909462899432430403975573202937125752364458
13090840762943921684062732637801480296741908192953526561998398711300989699983,38372020567342484707453303882241988465313558846796805417684602137959557692562
59425678977093301175053935993724535607138236945513635309557310328710151391586,64302854385392116278125774674871841708247466366767240431952216882252566293896
69863058620737597015054943040068529393766904171780404995599238395767487667393,85646122622500585903481623308570025040876906295864801988406128185186612723473
101996803099478670542358471936236092274383308769263790012126410600584848798630,84170738686369335055342308230465626855022583166117337380529637554401020457796
